0 1
10000000000000 270
100000000000010 -48
100000000000011 262
10000000000010 257
10000000000011 264
10000000000100 291
10000000000101 240
100000000001100 307
100000000001101 -52
10000000000111 213
100000000010 -27
100000000011 62
1000000001 46
100000001 -12
10000001 10
1000001000000 190
10000010000010 267
10000010000011 297
10000010000100 221
10000010000101 239
10000010000110 241
10000010000111 261
10000010001 34
1000001001 50
100000101 44
1000001100000 177
1000001100001 191
1000001100010 -35
1000001100011 194
10000011001000 299
10000011001001 296
10000011001010 223
10000011001011 231
10000011001100 245
10000011001101 251
100000110011100 250
1000001100111010 -60
10000011001110110 -64
10000011001110111 -73
100000110011110000 -79
100000110011110001 -75
10000011001111001 -76
1000001100111101 -56
100000110011111 302
1000001101 28
1000001110 -16
1000001111000 138
1000001111001 157
1000001111010 186
1000001111011 -33
1000001111100 175
1000001111101 89
1000001111110 80
10000011111110 209
10000011111111 229
100001 5
1000100 7
10001010000000 263
10001010000001 276
10001010000010 -42
10001010000011 255
1000101000010 84
1000101000011 136
1000101000100 146
1000101000101 76
10001010001100 295
10001010001101 227
1000101000111 151
10001010010 -20
100010100110 -25
10001010011100 242
10001010011101 248
1000101001111 -32
100010101 13
1000101100000 164
1000101100001 173
1000101100010 104
1000101100011 199
1000101100100 181
1000101100101 183
1000101100110000 -53
1000101100110001 -59
100010110011001 303
10001011001101 208
1000101100111 103
10001011010 42
1000101101100 154
10001011011010 281
10001011011011 280
10001011011100 233
10001011011101 234
10001011011110 284
10001011011111 290
100010111 -11
10001100000 -21
1000110000100 120
1000110000101 148
10001100001100 286
10001100001101 300
10001100001110 -43
10001100001111 -40
1000110001 -15
1000110010 60
10001100110 56
10001100111 27
10001101 -8
1000111000 29
1000111001000 174
1000111001001 179
1000111001010 74
100011100101100 308
10001110010110100 -68
10001110010110101 -92
1000111001011011 -54
10001110010111 216
10001110011000 254
100011100110010 274
100011100110011 -51
1000111001101 119
100011100111 -26
1000111010 52
1000111011000 135
1000111011001 168
1000111011010 128
1000111011011 129
1000111011100 116
1000111011101 121
1000111011110 153
1000111011111 166
1000111100 63
1000111101 41
10001111100 36
10001111101000 283
10001111101001 292
1000111110101 131
1000111110110 185
1000111110111 113
10001111110 47
1000111111100 158
1000111111101 170
1000111111110 112
1000111111111 150
10010 3
10011 -2
101 0
11000000 9
110000010 54
110000011 12
1100001 -5
1100010000 40
1100010001000 178
11000100010010 285
11000100010011 204
1100010001010 83
1100010001011 122
1100010001100 -30
11000100011010 225
11000100011011 236
1100010001110 73
11000100011110 -38
11000100011111 -36
110001001 43
1100010100 55
1100010101000 97
1100010101001 110
110001010101 57
1100010101100 90
1100010101101 94
110001010111 48
11000101100000 249
11000101100001 269
1100010110001 106
1100010110010 156
1100010110011 162
1100010110100 126
1100010110101 132
11000101101100 215
110001011011010 260
110001011011011 306
11000101101110 288
11000101101111 211
1100010111000 176
1100010111001 187
1100010111010 137
1100010111011 141
1100010111100 169
1100010111101 78
1100010111110 98
1100010111111 147
110001100 39
1100011010 61
110001101100 35
1100011011010 180
1100011011011000 -62
11000110110110010 -83
110001101101100110 -65
110001101101100111 -74
110001101101101000 -71
110001101101101001 -77
110001101101101010 310
1100011011011010110 -87
1100011011011010111 -80
1100011011011011 311
11000110110111 212
1100011011100 155
1100011011101 160
1100011011110 99
11000110111110 275
110001101111110 304
110001101111111 220
1100011100 -14
11000111010000 -37
11000111010001 289
11000111010010 222
110001110100110 246
110001110100111 247
1100011101010 140
1100011101011 145
11000111011000 282
11000111011001 -39
1100011101101 108
1100011101110 134
1100011101111 142
110001111 11
110010 -3
110011 4
1101 2
1110 -1
111100000000000 235
111100000000001 244
11110000000001 214
1111000000001 124
1111000000010 163
11110000000110 217
11110000000111 -41
11110000001 37
1111000001000 86
1111000001001 165
1111000001010 64
11110000010110 271
111100000101110 305
111100000101111 -46
1111000001100 82
1111000001101 109
1111000001110 171
1111000001111 79
1111000010 17
1111000011 15
1111000100 25
1111000101000 143
1111000101001 144
1111000101010 -31
1111000101011 -29
11110001011000 203
111100010110010 -45
111100010110011 238
1111000101101 67
1111000101110 107
1111000101111 133
1111000110 53
1111000111000 111
1111000111001 161
11110001110100 266
111100011101010 258
1111000111010110 -57
1111000111010111 -50
11110001110110 293
11110001110111 200
1111000111100 72
1111000111101 92
1111000111110 114
1111000111111 127
1111001 6
11110100 -7
1111010100 31
1111010101 32
11110101100 -19
111101011010 -23
1111010110110 75
11110101101110 198
11110101101111 206
1111010111 45
111101100 -10
11110110100 49
1111011010100 101
1111011010101 139
1111011010110 149
1111011010111 102
1111011011 16
1111011100000 96
11110111000010 218
11110111000011 207
1111011100010 105
1111011100011 115
1111011100100 100
11110111001010 278
1111011100101100 -61
1111011100101101 -58
1111011100101110 -47
1111011100101111 -63
1111011100110 91
1111011100111 65
111101110100000 -49
111101110100001 237
111101110100010 243
111101110100011 256
1111011101001 70
1111011101010 123
1111011101011 159
1111011101100 88
1111011101101 85
1111011101110 87
1111011101111 118
11110111100 -18
1111011110100 68
11110111101010 196
11110111101011 268
1111011110110 172
1111011110111 77
11110111110 26
1111011111100 93
111101111110100 252
111101111110101 259
11110111111011 152
11110111111100 205
111101111111010 -44
111101111111011 309
11110111111110 210
11110111111111 279
11111000 8
1111100100 14
1111100101 -13
1111100110 51
11111001110 59
111110011110 -24
1111100111110 71
1111100111111 66
11111010000 23
11111010001000 195
11111010001001 232
1111101000101 81
1111101000110 117
1111101000111 69
11111010010 33
1111101001100 125
111110100110100 253
111110100110101 265
111110100110110 226
111110100110111 230
11111010011100 192
11111010011101 193
1111101001111 -28
11111010100 22
11111010101000 182
11111010101001 184
11111010101010 201
111110101010110 277
111110101010111000 -69
111110101010111001 -66
11111010101011101 -70
11111010101011110 -55
11111010101011111 -67
11111010101100 188
11111010101101 202
11111010101110 228
111110101011110 298
111110101011111 219
1111101011 24
111110110 -9
11111011100 58
1111101110100 130
1111101110101 95
1111101110110 167
111110111011100 224
111110111011101 272
111110111011110 273
111110111011111 287
1111101111 30
1111110 -4
11111110000 19
11111110001 21
11111110010 -17
11111110011000 -34
111111100110010 294
111111100110011 301
11111110011010 189
11111110011011 197
111111100111 -22
1111111010 38
11111110110 18
11111110111 20
11111111 -6

0 1
1000000000 -11
1000000001 34
10000000100 110
10000000101 115
100000001100 20
100000001101 26
100000001110 132
100000001111 136
100000010 100
100000011 99
1000001 -4
100001000 52
10000100100 122
10000100101 106
1000010011 89
10000101000 69
10000101001 72
10000101010 124
100001010110 133
100001010111 142
10000101100 77
10000101101 80
10000101110 111
10000101111 120
10000110 9
10000111000 151
10000111001 161
10000111010 40
100001110110 25
100001110111 -15
100001111 11
10001 -2
100100000 97
100100001 98
100100010 37
10010001100 65
10010001101 107
10010001110 121
10010001111 123
1001001 61
1001010 6
100101100 56
100101101000 146
1001011010010 -16
1001011010011 24
10010110101 66
100101101100 18
100101101101 21
100101101110 134
100101101111 139
100101110 58
10010111100 71
10010111101 109
10010111110 112
10010111111 67
10011 3
101000000 45
101000001 49
10100001000 22
101000010010 141
101000010011 145
10100001010 74
10100001011 75
10100001100 39
101000011010 152
101000011011 153
101000011100 127
101000011101 138
101000011110 103
101000011111 125
101000100 43
1010001010 53
10100010110 160
10100010111 84
1010001100 44
10100011010 119
101000110110 155
101000110111 64
101000111 38
10100100 8
1010010100 93
1010010101 92
1010010110 57
1010010111000 -20
1010010111001 -18
101001011101 157
101001011110 33
101001011111 -17
10100110 -5
10100111000 117
101001110010000 -28
1010011100100010 -37
1010011100100011 -35
1010011100100100 -32
1010011100100101 -25
1010011100100110 165
1010011100100111 166
1010011100101000 -23
1010011100101001 -31
1010011100101010 -29
1010011100101011 -27
10100111001011 -21
101001110011 148
10100111010 87
10100111011 154
1010011110 90
1010011111 62
101010 4
101011000 60
1010110010 -9
10101100110 -12
10101100111 158
1010110100 13
1010110101 91
101011011 -7
10101110 63
10101111 54
10110000000 15
101100000010 16
101100000011 17
10110000010000 -38
10110000010001 -26
1011000001001 126
101100000101 156
10110000011 88
1011000010 35
1011000011 -8
101100010 47
101100011000 23
101100011001 104
10110001101 83
10110001110 86
1011000111100 137
1011000111101 19
1011000111110 129
1011000111111 135
1011001 5
1011010000 12
1011010001 94
10110100100 82
10110100101 102
10110100110 41
10110100111 162
101101010 50
10110101100 81
10110101101 28
1011010111 96
1011011000 164
101101100100 144
101101100101 150
101101100110 140
101101100111 147
101101101000 31
101101101001 105
101101101010 118
101101101011 128
10110110110 78
10110110111 76
101101110 10
1011011110 36
1011011111 101
10111000000 14
10111000001 70
10111000010 79
101110000110 114
101110000111 116
101110001 51
101110010 -6
101110011 55
101110100 59
1011101010000 130
1011101010001 131
101110101001 -13
10111010101 73
1011101011 95
1011101100 48
10111011010000 -34
101110110100010 -22
101110110100011 -36
1011101101001 -19
101110110101 159
10111011011 113
101110111 46
1011110 -3
10111110 7
10111111000 -10
101111110010 108
101111110011 149
1011111101000 143
1011111101001 27
101111110101 -14
101111110110 29
101111110111 30
10111111100 163
10111111101 85
101111111100 68
101111111101 32
10111111111 42
1100 2
1101 -1
111 0

0 1
10000000 -6
10000001000 70
100000010010 15
100000010011 76
1000000101 34
1000000110 44
10000001110 94
10000001111 95
1000001 -4
10000100000 65
10000100001 68
10000100010 40
100001000110 86
1000010001110 148
1000010001111 151
100001001 109
10000101 55
10000110000 64
10000110001 71
1000011001 -9
100001101 45
1000011100 97
10000111010 135
100001110110 83
100001110111 20
10000111100 -15
1000011110100 23
1000011110101 25
10000111101100 157
10000111101101 158
10000111101110 159
100001111011110 160
100001111011111 150
1000011111 137
10001 -2
10010 3
1001100 63
100110100 37
100110101 -7
10011011000 67
10011011001 122
100110110100 90
1001101101010 82
1001101101011 149
10011011011 133
100110111 47
100111000 51
100111001000 31
100111001001 32
10011100101 141
100111001100 80
100111001101 84
100111001110 74
100111001111 77
10011101 8
100111100 108
1001111010 115
10011110110 69
100111101110 33
1001111011110 153
1001111011111 24
100111110 52
100111111 102
10100000 -5
1010000100 35
1010000101 13
101000011 53
10100010 59
101000110 107
10100011100 129
10100011101 123
1010001111 12
101001 4
1010100000 117
101010000100 87
101010000101 16
101010000110 21
101010000111 73
101010001 50
10101001000 28
10101001001 91
10101001010 96
10101001011 124
1010100110 48
101010011100 92
101010011101 -14
10101001111 140
101010100 105
1010101010 113
10101010110 98
101010101110 29
101010101111 89
101010110 56
1010101110 -8
10101011110 138
10101011111 127
101011000 10
101011001000 18
1010110010010 147
1010110010011000 -27
1010110010011001 -19
101011001001101 27
10101100100111 -20
1010110010100 -17
1010110010101 85
10101100101100 154
10101100101101 155
1010110010111 -18
10101100110 125
10101100111 139
10101101 7
1010111 61
1011 2
1100000 5
11000010000 22
11000010001 -10
110000100100 66
1100001001010 88
1100001001011 146
11000010011 132
110000101 38
110000110 106
110000111 104
11000100000 100
11000100001 128
1100010001 111
1100010010 112
11000100110 136
11000100111 121
11000101000 134
11000101001 120
1100010101 57
110001011 103
110001100 46
110001101000 42
1100011010010 156
1100011010011 79
110001101010 -13
110001101011 30
1100011011 114
110001110 58
1100011110 49
11000111110 14
11000111111 131
11001000 54
11001001000 118
11001001001 -12
1100100101 43
11001001100 101
110010011010 145
110010011011 72
110010011100 144
110010011101 41
11001001111 99
1100101 -3
1100110000 62
11001100010000 26
11001100010001 81
11001100010010 152
110011000100110 -16
110011000100111 -21
1100110001010 17
1100110001011 19
1100110001100 75
1100110001101 78
110011000111 -11
110011001 60
110011010 9
110011011000 142
110011011001 143
110011011010 93
110011011011 39
11001101110 126
11001101111 116
1100111000 11
1100111001 110
1100111010 36
11001110110 119
11001110111 130
11001111 6
1101 -1
111 0

