0 1
100000000 -12
1000000010000 121
1000000010001 -38
1000000010010 74
1000000010011 95
100000001010 150
100000001011 154
1000000011000 105
1000000011001 -41
100000001101 234
100000001110 238
100000001111 226
1000000100 60
1000000101 19
10000001100 32
100000011010 198
100000011011 209
1000000111 -16
1000001 7
100001000 43
100001001000 233
100001001001000 -50
1000010010010010 286
100001001001001100 291
100001001001001101 294
100001001001001110 -118
100001001001001111 -104
10000100100101 257
1000010010011 83
10000100101000 252
10000100101001 262
10000100101010 254
10000100101011 -47
100001001011 242
1000010011 18
100001010000 205
100001010001 240
10000101001 38
1000010101000 119
1000010101001 -34
100001010101 224
10000101011 -22
100001011 54
10000110 10
100001110000 136
100001110001 167
100001110010 202
100001110011 139
100001110100 225
100001110101 208
100001110110 228
100001110111 162
100001111 58
1000100000 -17
1000100001 59
100010001 14
100010010000 -28
10001001000100 65
10001001000101 68
1000100100011 248
100010010010 221
100010010011 239
100010010100 204
100010010101 210
10001001011 30
1000100110000 -37
1000100110001 -36
100010011001 222
100010011010 178
100010011011 182
1000100111000 116
1000100111001 117
1000100111010 85
1000100111011 102
1000100111100 -35
100010011110100000 -83
100010011110100001 -82
100010011110100010 -65
100010011110100011 -95
100010011110100100 -111
100010011110100101 -98
10001001111010011 -68
100010011110101000 -131
100010011110101001 312
10001001111010101 -76
10001001111010110 -69
100010011110101110 296
100010011110101111 297
100010011110110 -59
1000100111101110 -63
1000100111101111 -62
100010011111 217
10001010 -8
100010110000 236
100010110001 227
100010110010 214
100010110011 191
10001011010 23
10001011011000 70
1000101101100100 266
10001011011001010 289
100010110110010110 275
100010110110010111 280
1000101101100110 -70
10001011011001110 -72
100010110110011110 -90
100010110110011111 -77
10001011011010 48
100010110110110 267
1000101101101110 -71
10001011011011110 -81
10001011011011111 -66
100010110111000 269
100010110111001000 287
100010110111001001 290
100010110111001010 283
100010110111001011 284
10001011011100110 279
10001011011100111 281
10001011011101000 273
100010110111010010 -74
100010110111010011 -103
100010110111010100 -79
100010110111010101 -78
100010110111010110 -67
100010110111010111 -80
1000101101110110 274
10001011011101110 -75
10001011011101111 -87
1000101101111 249
100010111000 207
100010111001 201
100010111010 220
100010111011 193
100010111100 180
100010111101 184
10001011111000 256
10001011111001 79
1000101111101 246
100010111111 211
1000110 -5
100011100 -11
100011101000 33
100011101001 186
10001110101 56
100011101100 181
1000111011010 247
1000111011011 250
10001110111 45
100011110 63
100011111 13
10010 -2
10011 3
101 0
110000000000 188
110000000001 235
110000000010 203
110000000011 195
110000000100 -25
110000000101 179
1100000001100 -30
1100000001101 91
110000000111 175
1100000010 53
1100000011 42
11000001000000 82
11000001000001 67
1100000100001 107
110000010001 166
11000001001 -21
110000010100 216
110000010101 241
110000010110 36
1100000101110 132
1100000101111 92
110000011000 215
110000011001 -27
1100000110100 94
1100000110101 128
110000011011000 259
110000011011001 260
110000011011010 -46
110000011011011 -52
1100000110111 106
110000011100 177
110000011101 183
11000001111000 73
11000001111001 81
11000001111010 -44
11000001111011 -42
1100000111110 130
1100000111111 245
110000100 12
110000101000 200
1100001010010 93
1100001010011 -33
11000010101 25
110000101100 187
1100001011010 123
1100001011011 126
1100001011100 88
1100001011101 101
110000101111 47
11000011 -7
110001 4
110010 -3
1100110 6
1100111000 -15
110011100100 218
110011100101 189
110011100110 194
110011100111 171
1100111010 17
110011101100 219
110011101101 174
110011101110 -26
11001110111100 69
110011101111010 264
1100111011110110 277
1100111011110111 -58
1100111011111 89
1100111100 62
11001111010 24
110011110110 172
110011110111 164
1100111110 16
1100111111000 96
1100111111001 99
1100111111010 115
1100111111011 134
11001111111 22
1101 2
111000000 -10
111000001000 192
1110000010010 138
1110000010011000 271
1110000010011001 -61
111000001001101 265
11100000100111 72
1110000010100 141
1110000010101 -32
111000001011 185
11100000110000 75
11100000110001 -40
11100000110010 76
1110000011001100 -57
1110000011001101 -54
11100000110011100 -64
11100000110011101 -60
1110000011001111 272
1110000011010 97
1110000011011 87
111000001110 212
1110000011110 110
1110000011111 118
11100001 9
111000100000 199
111000100001 190
1110001000100 151
1110001000101 153
111000100011 176
11100010010 -20
111000100110 196
111000100111 40
111000101000 197
111000101001 169
11100010101000 253
11100010101001 251
1110001010101 137
1110001010110 146
1110001010111 149
11100010110 21
11100010111 50
111000110 11
1110001110 -14
1110001111000 113
1110001111001 147
111000111101 170
111000111110 165
1110001111110 237
1110001111111 158
1110010000000 90
1110010000001 104
1110010000010 231
1110010000011 98
11100100001 39
1110010001 28
1110010010000 140
1110010010001 144
1110010010010 35
11100100100110 78
111001001001110 71
111001001001111 -49
1110010010100 103
111001001010100 258
111001001010101 -48
111001001010110 -56
111001001010111 66
1110010010110 120
1110010010111 122
1110010011 55
11100101 8
1110011000000 127
1110011000001 135
111001100001 49
11100110001 -19
1110011001 15
111001101000 31
1110011010010 142
11100110100110 114
11100110100111 -39
111001101010 168
11100110101100 77
11100110101101 255
1110011010111 229
1110011011 51
1110011100000 108
1110011100001 145
1110011100010 243
1110011100011 100
1110011100100 148
1110011100101 152
111001110011 173
1110011101 -13
11100111100 52
111001111010 27
1110011110110 -29
1110011110111 223
1110011111000 232
1110011111001 230
1110011111010 133
1110011111011000 -55
1110011111011001 -51
111001111101101 261
11100111110111 84
11100111111 41
1110100 -4
111010100 -9
111010101000 -24
111010101001 57
1110101010100 124
1110101010101 155
111010101011 26
11101010110000 -43
111010101100010 -45
111010101100011 263
1110101011001 109
1110101011010 86
1110101011011 143
111010101110 46
111010101111 -23
11101011 -6
1110110 5
11101110000 -18
1110111000100 244
1110111000101 129
1110111000110 159
1110111000111 160
1110111001000 -31
1110111001001 163
1110111001010 125
1110111001011 131
11101110011 20
111011101000 29
1110111010010 112
1110111010011 37
1110111010100 111
1110111010101 161
1110111010110 156
1110111010111 34
111011101100000 64
11101110110000100 285
11101110110000101 270
1110111011000011 -53
111011101100010 268
111011101100011 80
1110111011001 157
1110111011010 206
1110111011011 213
11101110111 44
11101111 61
1111 -1

0 1
100000000 64
100000001 119
100000010 90
1000000110 71
1000000111 47
1000001000 37
1000001001 42
100000101 91
10000011000 22
10000011001 45
1000001101 105
1000001110 38
10000011110 18
1000001111100 30
1000001111101 41
100000111111 26
100001000 88
100001001 35
100001010 85
100001011 56
10000110 10
1000011100 99
100001110100 29
100001110101 44
10000111011 16
100001111 13
100010 63
10001100 58
100011010 12
1000110110 109
1000110111 111
10001110000 17
10001110001 97
1000111001 104
1000111010 20
1000111011 69
10001111 9
10010 3
100110000 11
1001100010 67
1001100011 100
1001100100 34
1001100101 36
1001100110 74
1001100111 112
1001101 6
100111 4
10100000 62
1010000100 110
1010000101 92
1010000110 51
1010000111 46
10100010 8
10100011000 21
10100011001 107
1010001101 93
101000111 114
101001 61
101010000 53
101010001 55
101010010 -5
1010100110 73
1010100111 48
10101010000 27
101010100010 -12
1010101000110 -11
10101010001110 -17
10101010001111 -18
10101010010 117
10101010011 52
101010101 84
10101011 -4
10101100 60
10101101 59
1010111 -3
1011 2
1100000000 66
11000000010 49
11000000011 -8
1100000010 14
1100000011 94
1100000100 50
1100000101 70
1100000110 83
1100000111000 -14
1100000111001 31
1100000111010 24
1100000111011 25
11000001111 -7
1100001000 57
1100001001 72
11000010100 102
11000010101 108
1100001011 77
1100001100 81
1100001101 82
11000011100 98
1100001110100 32
11000011101010 120
110000111010110 -24
110000111010111 -16
110000111011 -10
1100001111 75
11000100 7
1100010100 115
1100010101 80
1100010110 28
11000101110 116
110001011110 39
11000101111100 -15
11000101111101 23
1100010111111 -9
1100011000 43
11000110010 101
11000110011 106
1100011010 89
11000110110 68
1100011011100 33
1100011011101 -13
110001101111 19
1100011100 87
1100011101 78
11000111100 96
11000111101 15
1100011111 79
1100100 5
1100101000 65
1100101001 76
11001010100 103
11001010101 118
1100101011 86
1100101100 -6
11001011010 113
11001011011 95
110010111 54
110011 -2
1101 -1
111 0

0 1
10000000 113
1000000100 99
1000000101 100
100000011 133
10000010000 18
10000010001 98
1000001001 136
100000101 46
100000110 90
1000001110 95
1000001111 42
1000010 -3
100001100 28
1000011010 -7
10000110110 21
10000110111 -8
100001110 91
100001111 11
10001000 10
10001001000 16
100010010010 41
1000100100110 -13
10001001001110 -11
10001001001111 139
10001001010 17
1000100101100 29
1000100101101 31
100010010111 39
100010011 -5
1000101 6
100011000 85
100011001 126
100011010 12
10001101100 19
10001101101 45
1000110111 135
100011100 84
100011101 56
100011110 132
1000111110 101
1000111111 -6
1001 2
10100000 8
101000010 130
101000011 129
10100010 60
101000110 110
10100011100 -9
10100011101 97
1010001111 34
101001000 127
101001001 108
10100101 62
101001100 112
101001101 35
1010011100 102
1010011101 103
101001111 55
10101000 7
101010010000 25
101010010001 83
1010100100100 44
1010100100101 140
101010010011 138
1010100101 49
101010011 125
101010100 128
1010101010 86
1010101011 93
10101011 54
101011000 9
101011001 121
10101101 59
1010111 5
101100000 88
1011000010 105
101100001100 32
101100001101000 142
101100001101001 143
101100001101010 145
101100001101011 146
10110000110110 24
10110000110111 30
10110000111 94
101100010 123
1011000110 36
1011000111 38
101100100 120
101100101 119
1011001100 43
1011001101 87
101100111 116
101101 61
101110 63
101111000 131
1011110010 13
10111100110000 144
101111001100010 -14
101111001100011 141
1011110011001 23
101111001101 27
10111100111 22
1011110100 51
1011110101 14
1011110110 57
1011110111 106
101111100 118
101111101 53
1011111100 104
1011111101 109
1011111110 89
101111111100 33
1011111111010 26
1011111111011 40
101111111110 137
101111111111 -10
110000 -2
110001 3
110010000 117
110010001 58
110010010 122
11001001100 20
11001001101 52
11001001110 96
11001001111 15
1100101000 92
1100101001 37
110010101 -4
1100101100 107
1100101101 47
110010111 124
110011000 115
1100110010 48
1100110011 111
1100110100 134
1100110101 50
110011011 114
1100111 4
1101 -1
111 0

