0 1
100000 5
1000010 7
1000011 -5
10001 -2
10010 3
100110000 63
100110001000000 -102
100110001000001 -65
100110001000010 -54
100110001000011 -52
1001100010001 -45
100110001001 135
10011000101 188
10011000110000 127
10011000110001 93
1001100011001 255
1001100011010 258
1001100011011 243
10011000111 39
10011001 43
1001101000 41
10011010010 -23
1001101001100 264
1001101001101 261
100110100111 171
100110101000 139
100110101001 142
100110101010 -30
100110101011 155
1001101011 -15
10011011000000 68
10011011000001 75
1001101100001 250
10011011000100 -44
10011011000101 285
10011011000110 79
100110110001110 -61
100110110001111 311
100110110010 145
100110110011 149
100110110100 46
100110110101 146
100110110110 150
100110110111 152
100110111000 134
1001101110010 -36
1001101110011 265
1001101110100 256
1001101110101 221
100110111011 133
10011011110 26
100110111110 38
1001101111110 257
1001101111111 246
10011100000 29
100111000010 154
1001110000110 259
1001110000111 248
100111000100 153
100111000101 -27
10011100011 -19
100111001000000000 -146
100111001000000001 -132
100111001000000010 -118
100111001000000011 -95
100111001000000100 -122
100111001000000101 -100
100111001000000110 -121
100111001000000111 -98
100111001000001000 -127
100111001000001001 -139
100111001000001010 -124
100111001000001011 -74
10011100100000110 -84
10011100100000111 -111
100111001000010 302
100111001000011 103
1001110010001000 -62
1001110010001001 118
1001110010001010 -67
1001110010001011 106
10011100100011 99
100111001001000 121
100111001001001 122
100111001001010 303
100111001001011 110
100111001001100000 -104
100111001001100001 -103
100111001001100010 -90
100111001001100011 -88
100111001001100100 -113
100111001001100101 -144
100111001001100110 -175
100111001001100111 -160
10011100100110100 -147
10011100100110101 -105
10011100100110110 -94
10011100100110111 -92
100111001001110 299
100111001001111 -69
1001110010100 244
1001110010101 132
100111001011 147
1001110011000000 -81
10011100110000010 -116
10011100110000011 -115
1001110011000010 -76
1001110011000011 -107
10011100110001000 -99
100111001100010010 313
100111001100010011 -133
1001110011000101 -77
10011100110001100 -108
10011100110001101 -75
10011100110001110 -83
10011100110001111 -79
10011100110010 -46
10011100110011 -41
100111001101 170
1001110011100 225
10011100111010000 -73
100111001110100010 -128
100111001110100011 -110
10011100111010010 -123
100111001110100110 -91
100111001110100111 -129
100111001110101 295
10011100111011 288
100111001111 36
1001110100 17
1001110101 16
100111011 12
10011110 10
100111110000 193
100111110001 156
100111110010 195
1001111100110 211
1001111100111 217
100111110100 183
100111110101 57
100111110110 34
10011111011100 284
10011111011101 278
10011111011110 80
10011111011111 82
1001111110 44
1001111111000 241
1001111111001 233
1001111111010 239
1001111111011 262
100111111110 151
100111111111 184
101 0
110000 -3
110001000 13
1100010010 59
11000100110000 72
11000100110001 307
110001001100100 -59
110001001100101 -57
11000100110011 -48
110001001101 138
11000100111 -20
110001010 -10
110001011 53
110001100 62
11000110100000 65
11000110100001 66
1100011010001 226
1100011010010 251
1100011010011 260
1100011010100 229
1100011010101 131
110001101011 196
110001101100 148
110001101101 137
110001101110 -31
110001101111 -29
11000111 -7
110010 4
11001100000 -21
1100110000100 266
110011000010100 112
110011000010101 287
110011000010110 115
110011000010111 123
11001100001100 -47
110011000011010 -51
110011000011011 -50
1100110000111 231
110011000100 178
110011000101000 290
110011000101001 91
110011000101010 100
110011000101011 101
11001100010110 70
110011000101110 102
110011000101111 105
1100110001100 247
11001100011010 71
11001100011011 84
110011000111 180
110011001 11
110011010000 169
110011010001 32
110011010010 181
110011010011 165
1100110101 -14
110011011000 179
1100110110010 223
1100110110011 268
110011011010 -26
1100110110110 213
1100110110111 228
110011011100 185
110011011101 194
110011011110 31
110011011111 33
1100111 6
1101 2
1110 -1
1111000000000 47
1111000000001 273
111100000001 -24
1111000000100 271
11110000001010 128
11110000001011 -49
111100000011 158
1111000001000 220
1111000001001 254
111100000101 157
111100000110 168
1111000001110 235
1111000001111 230
111100001000000 104
111100001000001 117
1111000010000100 304
1111000010000101 -71
1111000010000110 289
1111000010000111 293
111100001000100 73
1111000010001010 -68
11110000100010110 -97
11110000100010111 -86
111100001000110 292
111100001000111 283
1111000010010 199
1111000010011 -39
11110000101 23
111100001100000 81
111100001100001 69
11110000110001 249
11110000110010 309
11110000110011 -42
111100001101 177
111100001110000 78
111100001110001 294
111100001110010 95
111100001110011 88
1111000011101000 -58
1111000011101001 -55
111100001110101 85
11110000111011 -40
111100001111 186
1111000100 15
1111000101 58
11110001100 22
1111000110100 237
1111000110101 -38
111100011011 -28
1111000111000 -32
1111000111001 234
111100011101 167
11110001111 45
1111001 -4
111101000000 182
111101000001 -25
11110100001 24
111101000100 166
11110100010100 308
111101000101010 125
111101000101011 310
1111010001011 240
11110100011 25
111101001 -9
1111010100000 214
1111010100001 216
1111010100010 232
1111010100011 274
111101010010 30
111101010011 176
111101010100 173
1111010101010 212
1111010101011 252
111101010110 174
1111010101110 208
1111010101111 218
1111010110 42
1111010111 -12
11110110 -6
111101110000 172
111101110001000 113
111101110001001 119
1111011100010100 116
1111011100010101 300
111101110001011 291
11110111000110 -43
111101110001110 76
111101110001111 286
11110111001 -18
1111011101000 206
11110111010010 277
111101110100110 298
111101110100111 89
111101110101 164
1111011101100 215
1111011101101 205
111101110111 175
1111011110 -13
1111011111 52
11111000000 -17
111110000010 192
1111100000110 242
11111000001110 281
11111000001111 129
11111000010 19
11111000011 21
1111100010 51
1111100011000 207
1111100011001 200
1111100011010 236
1111100011011 37
1111100011100 -35
1111100011101 224
111110001111 190
11111001 8
11111010 9
1111101100000 210
11111011000010 263
111110110000110 305
111110110000111 114
1111101100010 209
11111011000110 227
11111011000111 279
111110110010000 94
111110110010001 86
11111011001001 64
111110110010100 -53
111110110010101 306
11111011001011000 -64
11111011001011001 -63
11111011001011010 -80
11111011001011011 -78
1111101100101110 108
1111101100101111 120
11111011001100000 -72
11111011001100001 -70
1111101100110001 -66
111110110011001 74
11111011001101 269
1111101100111 201
1111101101 55
1111101110 28
111110111100000 87
111110111100001 297
11111011110001 -34
1111101111001 -37
11111011110100 272
11111011110101 48
1111101111011 -33
11111011111 18
111111000 -8
1111110010000 203
11111100100010 222
11111100100011 253
111111001001 159
11111100101000 275
11111100101001 280
1111110010101 202
111111001011 189
11111100110 20
11111100111000 130
11111100111001 270
1111110011101 219
111111001111 50
111111010 54
111111011 61
111111100000 163
1111111000010 49
1111111000011 198
111111100010000 97
111111100010001 109
111111100010010 301
111111100010011 124
11111110001010 245
111111100010110 83
111111100010111 77
1111111000110 141
111111100011100 67
111111100011101 282
1111111000111100 -60
1111111000111101 296
111111100011111 92
1111111001 14
111111101000 160
111111101001 -22
111111101010 56
1111111010110 140
1111111010111 144
1111111011 60
1111111100 -11
111111110100 40
111111110101 187
111111110110 162
1111111101110 204
11111111011110 267
11111111011111 238
1111111110000 197
1111111110001 35
111111111001 191
11111111101 -16
1111111111000 143
1111111111001000 107
1111111111001001 111
1111111111001010 -56
1111111111001011 312
11111111110011 276
111111111101000 96
111111111101001 98
111111111101010 90
111111111101011 126
1111111111011 136
111111111110 27
111111111111 161

0 1
10000000 -4
10000001 114
10000010000 32
10000010001 88
10000010010 19
10000010011 86
1000001010 36
1000001011 21
10000011 98
1000010 -3
1000011000 52
100001100100 82
100001100101 119
10000110011000 126
10000110011001 75
1000011001101 84
1000011001110 123
1000011001111 -9
1000011010 -6
10000110110 45
10000110111 -8
10000111 108
100010 63
100011000 117
10001100100 80
10001100101 -7
1000110011000 -11
1000110011001 77
100011001101 23
10001100111 27
10001101 9
10001110 110
10001111 8
1001 2
1010000 60
101000100 94
1010001010 89
10100010110 16
10100010111 37
10100011 7
1010010 54
101001100 -5
101001101 58
10100111 100
1010100000 56
1010100001000 121
1010100001001 122
101010000101 26
101010000110 81
101010000111 31
1010100010 20
1010100011 14
10101001 109
10101010 99
10101011 112
101011000 12
1010110010 48
10101100110 24
101011001110 47
101011001111 25
101011010 42
1010110110 34
1010110111 90
10101110 10
10101111 28
101100 61
10110100000 46
1011010000100 44
10110100001010 33
10110100001011 120
10110100001100 127
101101000011010 76
101101000011011 78
10110100001110 124
10110100001111 125
1011010001 93
101101001 43
10110101 111
101101100 55
101101101 96
10110111 101
10111000000 17
10111000001 118
1011100001 92
101110001 113
10111001 102
101110100 95
1011101010 51
10111010110 22
1011101011100 -10
1011101011101 39
101110101111 87
101110110 116
101110111 105
101111 -2
110000 3
1100010 5
1100011000 53
11000110010 57
110001100110 41
110001100111 15
11000110100 50
11000110101 49
11000110110 38
11000110111000 79
11000110111001 30
1100011011101 83
110001101111 18
110001110 104
110001111 103
11001000 59
110010010 106
110010011 107
11001010 6
1100101100 35
110010110100 29
110010110101 85
11001011011 91
110010111 11
1100110 4
110011100 13
110011101 97
110011110 62
110011111 115
1101 -1
111 0

0 1
100 -1
101000 4
101001000 111
10100100100 15
10100100101 29
1010010011 99
10100101 10
101001100 109
10100110100 22
101001101010 142
101001101011 23
1010011011000 132
10100110110010 39
10100110110011 -9
101001101101 131
10100110111 19
10100111 106
1010100000000 140
1010100000001 31
1010100000010 33
1010100000011 44
1010100000100 136
1010100000101 134
101010000011 94
1010100001 114
101010001 13
10101001 8
1010101 -3
10101100000 52
10101100001 35
1010110001 113
101011001 110
1010110100 115
10101101010 124
10101101011 16
10101101100 122
10101101101 -7
101011011100 37
101011011101 38
10101101111 126
10101110 103
10101111 105
1011000 6
1011001 63
101101000 108
10110100100 57
10110100101 97
1011010011000 45
10110100110010 86
10110100110011 87
101101001101 130
1011010011100 139
1011010011101 89
10110100111100 88
10110100111101 -11
10110100111110 141
10110100111111 144
10110101 60
1011011 61
101110000 11
1011100010 100
101110001100 138
1011100011010 145
101110001101100 40
101110001101101 -13
10111000110111 80
10111000111 127
1011100100 14
10111001010 123
10111001011 56
101110011 101
10111010 7
10111011 9
10111100 104
10111101 54
101111100000 128
101111100001 50
101111100010 41
1011111000110 92
1011111000111 137
10111110010 125
1011111001100 26
1011111001101 135
101111100111 -8
101111101000 93
101111101001 32
101111101010 18
101111101011 129
10111110110 -6
10111110111 121
10111111 102
1100 2
1101000000 58
1101000001 62
110100001 28
11010001000 53
110100010010 46
110100010011 95
1101000101 42
11010001100 116
11010001101 119
1101000111 112
1101001 5
110101 -2
110110000 59
110110001000 36
110110001001000 79
110110001001001 82
11011000100101 -12
11011000100110 83
11011000100111 30
110110001010 48
110110001011 17
110110001100 49
110110001101 24
11011000111 51
110110010 107
11011001100 120
110110011010000 84
110110011010001 85
1101100110100100 -17
1101100110100101 -16
1101100110100110 143
1101100110100111 146
110110011010100 90
110110011010101 91
1101100110101100 147
1101100110101101 76
1101100110101110 77
1101100110101111 -14
110110011011 25
11011001110 43
11011001111 118
110110100 -4
11011010100 98
11011010101 21
11011010110 20
110110101110 27
110110101111 96
1101101100 12
1101101101 -5
1101101110 55
1101101111000 -10
1101101111001 47
110110111101 34
11011011111 117
110111 3
111 0

